Division and District
Owned area
Operated area
Homestead area
Net cultivated area
Temporary crops net area
Irrigated area
Temporary crops gross area
Intensity of cropping (percentage)

BANGLADESH
 Total 22345005 22975281 2801723 18681902 16423608 12504321 35098450 214
 Rural Area 20811016 21713401 2481233 17852027 15747441 12013460 33699735 214
 Urban Area 1533990 1261880 320491 829875 676167 490861 1398716 207
BARISHAL DIVISION
 Total 1595694 1639957 138010 1359096 1106115 325775 2180858 197
 Rural Area 1531778 1586279 131928 1317219 1076160 317169 2121900 197
 Urban Area 63916 53678 6081 41877 29955 8606 58958 197
CHATTOGRAM DIVISION
 Total 3359412 3498785 489208 2674228 2015002 1355416 4023517 200
 Rural Area 3161091 3316923 441583 2562243 1941684 1307578 3868938 199
 Urban Area 198322 181862 47625 111985 73319 47838 154579 211
DHAKA DIVISION
 Total 3947408 3860230 727921 2863309 2539449 1960947 5091413 200
 Rural Area 3349474 3379731 534919 2621657 2347802 1836105 4801983 205
 Urban Area 597934 480499 193002 241652 191647 124842 289430 151
KHULNA DIVISION
 TOTAL 2930399 2998783 297151 2534655 2228115 1672318 4814447 216
 Rural Area 2785983 2883935 280711 2445013 2155086 1618570 4652050 216
 Urban Area 144416 114848 16440 89642 73029 53748 162396 222
MYMENSHINGH DIVISION
 TOTAL 2263953 2243125 287364 1826454 1748118 1508400 3514999 201
 Rural Area 2163783 2161615 275369 1763343 1688446 1457942 3386457 201
 Urban Area 100170 81510 11995 63111 59671 50458 128541 215
RAJSHAHI DIVISION
 Total 3643678 3758032 345392 3220939 2904275 2475667 6709275 231
 Rural Area 3440480 3608527 327745 3099198 2800575 2385085 6457705 231
 Urban Area 203198 149504 17647 121741 103700 90582 251570 243
RANGPUR DIVISION
 Total 3139095 3344924 339244 2849378 2654519 2307607 6414209 242
 Rural 2967323 3191676 319383 2723342 2539845 2213113 6120770 241
 Urban 171772 153248 19862 126036 114674 94494 293439 256
SYLHET DIVISION
 Total 1465367 1631446 177433 1353844 1228016 898192 2349734 191
 Rural Area 1411105 1584714 169595 1320012 1197843 877898 2289932 191
 Urban Area 54263 46731 7838 33832 30173 20294 59801 198


04-Barguna 233179 234343 18900 199156 177217 14035 283094 160
06-Barishal 356696 363440 37431 287476 235560 119071 495171 210
09-Bhola 299694 325368 25229 269412 223035 109108 635845 285
42-Jhalokati 110266 114372 9173 95415 74215 24140 140819 190
78-Patuakhali 384392 391392 30082 328017 291315 8904 409794 141
79-Pirojpur 211468 211042 17195 179619 104772 50517 216135 206
03-Bandarban 211765 217792 9486 93590 81550 18583 128148 157
12-Brahmanbaria 350835 345555 38433 283607 261589 233706 461852 177
13-Chandpur 237320 243661 41366 168153 140658 123888 332674 237
15-Chattogram 459970 485286 114862 323762 271690 163967 557837 205
19-Cumilla 568317 575424 95017 427171 394712 329751 846769 215
22-Coxs Bazar 168133 197523 38850 143218 116877 102360 227153 194
30-Feni 142019 151603 26765 101063 89186 68612 182527 205
46-Khagrachhari 254750 258757 15407 223443 88624 31775 148405 167
51-Lakshmipur 203743 222785 28550 168128 137479 83689 390097 284
75-Noakhali 444180 479131 57392 369270 318603 155628 630106 198
84-Rangamati 318379 321267 23080 272823 114033 43457 117948 103

26-Dhaka 569425 457925 213312 205800 169590 96914 206405 122
29-Faridpur 331593 333426 47656 261484 223180 169048 682260 306
33-Gazipur 344146 342078 81701 229865 169007 144883 282332 167
35-Gopalganj 257392 261141 25392 218683 204839 175735 379510 185
48-Kishoreganj 469187 489392 50836 418955 407636 345855 670401 164
54-Madaripur 204560 191646 28196 150518 137583 93670 298463 217
56-Manikganj 233263 235449 34770 187163 167690 127395 390085 233
59-Munshiganj 127549 151913 24146 118085 113299 78510 209702 185
67-Narayanganj 142041 138598 36550 85196 73374 54328 118530 162
68-Narsingdi 233943 223967 35791 170686 138487 120894 264586 191
82-Rajbari 186829 186939 22572 154613 129583 74912 386462 298
86-Shariatpur 185788 188436 26396 141489 121273 73220 260278 215
93-Tangail 661693 659320 100606 520773 483909 405583 942398 195

01-Bagerhat 334190 351308 28926 297272 251041 133524 348395 139
18-Chuadanga 242261 248934 21165 217737 191281 153342 445885 233
41-Jashore 490334 500456 57353 413736 368543 329866 835712 227
44-Jhenaidah 386481 388855 38038 333646 292747 252091 713239 244
47-Khulna 306337 312169 30291 263797 231997 144329 398057 172
50-Kushtia 303585 312205 37939 260746 234472 180414 625101 267
55-Magura 212785 212721 18417 182972 161915 121195 381798 236
57-Meherpur 169839 168703 14991 144671 125121 101769 335196 268
65-Narail 172320 175430 15519 148607 131236 101489 327206 249
87-Satkhira 312269 328002 34513 271470 239763 154299 403858 168

39-Jamalpur 480975 474811 62080 395882 379218 323630 784440 207
61-Mymensingh 950047 929456 127656 733322 693904 591302 1431848 206
72-Netrakona 534241 536627 57803 449422 437486 381392 793752 181
89-Sherpur 298690 302231 39825 247828 237509 212076 504959 213

10-Bogura 631834 642377 62446 541377 514658 452988 1150329 224
38-Joypurhat 216866 227908 16445 200036 194003 171863 470288 242
64-Naogaon 715060 750271 47473 674644 624247 544566 1264544 203
69-Natore 399690 411319 36749 353507 317787 266769 728898 229
70-Chapainababganj 300946 304467 24759 268930 196732 177669 546351 278
76-Pabna 458554 469951 54943 390624 352753 256054 858544 243
81-Rajshahi 440107 451347 42327 379143 307700 264672 860798 280
88-Sirajganj 480621 500392 60250 412677 396395 341086 829523 209

27-Dinajpur 729246 768745 60513 679476 641176 579740 1449307 226
32-Gaibandha 431168 435701 52347 356549 337852 301961 749990 222
49-Kurigram 383822 388950 51282 303292 274289 244940 665528 243
52-Lalmonirhat 241863 248755 23274 213009 190602 152655 460785 242
73-Nilphamari 324509 319271 33646 270844 250760 220794 635325 253
77-Panchagarh 269496 274231 23893 242120 222070 166889 543621 245
85-Rangpur 353013 500754 60316 421623 397711 361406 1036623 261
94-Thakurgaon 405977 408517 33975 362464 340058 279221 873029 257

36-Habiganj 364768 398762 31964 350329 325875 252885 655187 201
58-Moulvibazar 228646 272655 38426 220917 185157 117286 423847 229
90-Sunamganj 483893 524994 50347 446385 420684 327928 658245 156
91-Sylhet 388061 435035 56695 336213 296300 200093 612455 207